Dice: 0.93523108959198
Jaccard: 0.8801168203353882
Hausdorff: 1.2760061289443876
