Dice: 0.9115526080131531
Jaccard: 0.841110348701477
Hausdorff: 1.3489031977072035
