Dice: 0.9554738402366638
Jaccard: 0.9161403179168701
Hausdorff: 1.084376824532888
