Dice: 0.7766632437705994
Jaccard: 0.654909074306488
Hausdorff: inf
