Dice: 0.9368020296096802
Jaccard: 0.8844016790390015
Hausdorff: inf
