Dice: 0.9332203269004822
Jaccard: 0.8766708970069885
Hausdorff: 1.167040420910333
