Dice: 0.938743531703949
Jaccard: 0.8860085010528564
Hausdorff: 1.1241759196644263
