Dice: 0.963027834892273
Jaccard: 0.929574191570282
Hausdorff: 1.0409949493661166
