Dice: 0.9633277654647827
Jaccard: 0.9300921559333801
Hausdorff: 1.063236861095377
